overall
	MSFT:0.406187374749499
	T:0.46229278543077285
	GOOGL:0.4267707082833133
	AAPL:0.3593984962406015
	SNE:0.37187585828069214
	SQNXF:0.629305912596401
	F:0.3831123517096999
	FIT:0.30971993410214166
