overall
	SQNXF:0.5917737789203085
	SNE:0.29790350636272084
	F:0.30600139567341245
	AAPL:0.23899033297529537
	GOOGL:0.38865546218487396
	MSFT:0.3365480961923848
	T:0.45295353724025217
	FIT:0.19439868204283361
