overall
	MRK:0.4812546553008359
	PG:0.6138056613143519
	OPTT:0.134009009009009
	NRCIA:0.1781305114638448
	FARO:0.1611187709277132
	WLB:0.15555555555555556
	DIS:0.3754034594057767
	AAPL:0.2046796179027584
	FNLC:0.44567099567099566
	NVCN:0.5775735294117647
	FRTA:0.14652014652014653
	BA:0.3197318324780665
	WMT:0.4231005170449566
	SPHS:0.2626531699520511
	CVCY:0.37048832271762205
	F:0.32336530078465564
	EXAC:0.19933431952662722
	PFE:0.41905675180890944
	INTC:0.25063131313131315
	AKTX:0.1535312180143296
	SQNXF:0.7473090722706305
	CMRX:0.1289767841788478
	CVX:0.47103128621089224
	JPM:0.3663335086796423
	POPE:0.96
	NRCIB:0.3173913043478261
	LTEA:0.6150813208477083
	JNJ:0.5478397616288694
	FARM:0.42403198653198654
	CVCO:0.2315121412803532
	SCON:0.14797557840616968
	FEYE:0.15523809523809523
	MMM:0.588264503848382
	XOM:0.566663907969875
	AXP:0.35576671606660276
	SLAB:0.26372637263726373
	V:0.491177677472302
	T:0.5410008165169718
	IBM:0.5157258731998013
	GLUU:0.13770003721622628
	FRSH:0.11941964285714286
	MSFT:0.3686186186186186
	GE:0.5081519490192833
	AGLE:0.10218978102189781
	GS:0.3605995717344754
	FNJN:0.14953271028037382
	FIT:0.13170731707317074
	ATEC:0.13388831078737426
	KO:0.5624431018786725
	CSCO:0.3060757684060043
	HD:0.3647226485419864
	TSLA:0.14439076757917338
	VZ:0.5540130657956136
	EXAS:0.11873226111636707
	KLXI:0.27882037533512066
	SNE:0.28645928636779505
	CAT:0.3859968550856575
	UTX:0.4409500951750393
	GOOGL:0.4728960766696616
	MCD:0.46188860382355373
	NVCR:0.1261595547309833
	IBKC:0.4226786027733895
	NKE:0.34798927613941016
	TRV:0.543819042609153
	UNH:0.29314477468839883
