overall
	SNE:0.39448869358234917
	AAPL:0.35048335123523094
	MSFT:0.46705911823647295
	T:0.6125379406957739
	FIT:0.3772652388797364
	SQNXF:0.7912596401028278
	GOOGL:0.5447178871548619
	F:0.38337404047452894
