overall
	NRCIB:0.5543478260869565
	TSLA:0.2721417069243156
	SLAB:0.47760522169705155
	POPE:1.0
	LTEA:0.7619517003449975
	F:0.5269398430688753
	IBKC:0.7689606741573034
	FARM:0.8182870370370371
	FEYE:0.2714285714285714
	FRTA:0.21978021978021978
	OPTT:0.18093093093093093
	CVCO:0.4908940397350993
	FNLC:0.7963203463203463
	ATEC:0.1984732824427481
	SCON:0.1561947613691146
	CMRX:0.18400687876182287
	AAPL:0.30836106042717615
	NRCIA:0.3795233892321271
	FNJN:0.19532710280373833
	EXAC:0.3706306639541335
	SQNXF:1.0
	CVCY:0.7681036313442344
	MSFT:0.5915915915915916
	FRSH:0.21316964285714285
	WLB:0.28226495726495726
	FARO:0.27378373054953714
	EXAS:0.16725810267329075
	SNE:0.49121683440073194
	AGLE:0.1048780487804878
	SPHS:0.4096963239211508
	NVCN:0.7017285766826039
	AKTX:0.21392016376663256
	T:0.8498775224542168
	NVCR:0.14656771799628943
	GLUU:0.1898027540007443
	GOOGL:0.7672955974842768
	KLXI:0.5764075067024129
	FIT:0.2146341463414634
